version https://git-lfs.github.com/spec/v1
oid sha256:6bf9798c7e812258152ea3d137f1eb5c0a7b80e9e6dc3e380185bdb6814fc6d9
size 69
