version https://git-lfs.github.com/spec/v1
oid sha256:5dca7d5a5cf0a9640d03f4f74d7a709212a826c1546f03807453cae8e73e8aab
size 71
